%YAML:1.0
---
K: !!opencv-matrix
   rows: 3
   cols: 3
   dt: d
   data: [ 2.2513872147010761e+03, 0., 1.2183071376602124e+03, 0.,
       2.2659844930755253e+03, 9.0281751328052553e+02, 0., 0., 1. ]
D: !!opencv-matrix
   rows: 1
   cols: 5
   dt: d
   data: [ -4.8549273305230192e-02, 2.6816954026852552e-01,
       1.0298372554402515e-02, 8.2523216540931956e-04,
       -6.4563891406844054e-01 ]
